R:=[1,2,3,4,5,6,7,8,9,10,11,12,13,14,15,16,17,18,19,20,21,22,23,24,25,26,27,28,29,30,31,32,33,34,35,36]

Mr:={
	(1)=[11001,5001,15238,17001,41001,54001,63001,66001,68001,73001]//
	(2)=[11001,81001,85001,50001,99001]//
	(3)=[11001,76001,27001,19001,52405]//
	(4)=[11001,8001,13001,20001,23001,44001,47001,70001]//
	(5)=[11001,91001,18001,94001,95001,86001,97001]//
	(6)=[5001,5002,5004,5021,5030,5031,5034,5038,5040,5044,5045,5051,5055,5079,5088,5091,5093,5101,5107,5113,5129,5134,5142,5147,5150,5154,5172,5190,5197,5209,5212,5120,5234,5240,5250,5266,5284,5308,5315,5310,5347,5361,5364,5380,5425,5001,5467,5475,5480,5483,5495,5490,5576,5579,5585,5591,5604,5607,5615,5628,5631,5642,5649,5652,5656,5659,5660,5665,5667,5670,5679,5042,5686,5690,5736,5756,5761,5790,5837,5842,5847,5854,5858,5861,5873,5885,5887,5890,5893,5895]//
	(7)=[50001,50006,50110,50124,50150,50223,50226,50251,50270,50287,50313,50318,50350,50400,50325,50330,50450,50568,50577,50573,50590,50606,50680,50683,50689,50370,50001,50711]//
	(8)=[27001,27006,27025,27050,27073,27075,27077,27086,27099,27135,27150,27205,27160,27361,27372,27413,27450,27491,27495,27001,27580,27600,27615,27660,27250,27745,27787,27800]//
	(9)=[41001,41006,41013,41020,41026,41132,41244,41298,41306,41319,41349,41396,41001,41503,41524,41530,41548,41551,41615,41660,41668,41770,41791,41799,41801,41797,41807,41872,41885]//
	(10)=[13001,13006,13030,13042,13052,13074,13140,13160,13001,13188,13222,13244,13248,13268,13300,13430,13433,13440,13442,13468,13458,13473,13490,13580,13600,13620,13647,13650,13654,13655,13657,13667,13670,13673,13683,13688,13744,13760,13780,13810,13836,13838,13873,13894]//
	(11)=[11001,25001,25035,25040,25599,25053,25086,11001,25148,25168,25178,25181,25151,25269,25290,25279,25293,25299,25307,25320,25324,25328,25335,25368,25386,25402,25438,25488,25518,25530,25572,25580,25592,25594,25662,25718,25743,25815,25839,25867,25885,25851]//
	(12)=[20001,20011,20013,20032,20045,20060,20175,20178,20228,20238,20250,20295,20310,20383,20400,20621,20443,20517,20550,20570,20614,20710,20750,20770,20787,20001]//
	(13)=[17001,17013,17042,17174,17272,17380,17867,17001,17433,17444,17446,17486,17495,17524,17541,17513,17614,17662,17665,17777]//
	(14)=[85001,85010,85015,85125,85139,85162,85225,85230,85250,85263,85279,85300,85325,85315,85410,85430,85400,85440,85001]//
	(15)=[18001,18029,18094,18150,18205,18247,18256,18001,18410,18460,18592,18610,18753,18785,18860]//
	(16)=[44001,44035,44078,44090,44098,44110,44279,44378,44420,44430,44560,44001,44650,44847,44855,44874]//
	(17)=[52405,52019,52036,52079,52110,52250,52254,52256,52260,52520,52287,52699,52356,52378,52385,52390,52399,52405,52411,52427,52473,52490,52540,52612,52678,52687,52683,52418,52788,52835]//
	(18)=[47001,47030,47053,47058,47161,47170,47189,47205,47245,47258,47268,47288,47318,47460,47545,47551,47555,47660,47675,47692,47703,47707,47720,47001,47745,47798,47960]//
	(19)=[19001,19022,19050,19075,19100,19110,19130,19137,19142,19212,19256,19318,19355,19364,19392,19397,19418,19450,19455,19473,19532,19533,19548,19001,19517,19622,19701,19698,19785,19780,19809,19807,19821,19824]//
	(20)=[73001,73024,73026,73030,73043,73055,73067,73124,73148,73152,73168,73200,73217,73226,73236,73268,73270,73275,73283,73319,73347,73349,73001,73352,73408,73411,73443,73449,73483,73504,73555,73563,73585,73616,73622,73624,73675,73678,73686,73770,73854,73861,73870]//
	(21)=[76001,76036,76041,76054,76100,76109,76111,76113,76126,76001,76233,76246,76248,76243,76275,76306,76318,76364,76497,76520,76606,76736,76828,76834,76869,76892]//
	(22)=[66001,66045,66075,66088,66170,66318,66383,66400,66456,66001,66572,66594,66682,66687]//
	(23)=[81001,81001,81065,81220,81300,81591,81736,81794]//
	(24)=[54001,54051,54099,54109,54172,54206,54128,54001,54239,54245,54250,54261,54313,54344,54385,54398,54405,54418,54498,54520,54553,54599,54660,54670,54673,54680,54720,54800,54810,54820,54874,54003]//
	(25)=[63001,63001,63130,63190,63212,63401,63470,63548,63594]//
	(26)=[23001,23068,23079,23090,23162,23168,23182,23189,23300,23417,23419,23464,23466,23001,23500,23555,23570,23574,23580,23586,23660,23670,23672,23675,23678,23682,23686,23807,23815,23855]//
	(27)=[8001,8078,8001,8137,8141,8296,8421,8433,8436,8520,8549,8558,8560,8573,8606,8634,8638,8685,8758,8832,8849]//
	(28)=[68001,68077,68081,68092,68101,68001,68190,68209,68217,68229,68235,68245,68255,68266,68276,68271,68296,68320,68322,68344,68377,68397,68385,68406,68418,68444,68500,68502,68524,68547,68573,68575,68533,68615,68655,68679,68684,68689,68720,68745,68755,68770,68855,68895]//
	(29)=[15238,15109,15135,15183,15223,15238,15322,15377,15442,15480,15507,15518,15572,15514,15580,15660,15667,15690,15755,15804,15897,15842]//
	(30)=[70001,70110,70124,70230,70204,70215,70221,70233,70235,70265,70418,70429,70473,70508,70523,70670,70678,70702,70708,70713,70717,70001,70771,70820]//
	(31)=[95001,95015,95025,95200,95001]//
	(32)=[97001,97161,97001,97666]//
	(33)=[99001,99773,99524,99001,99624]//
	(34)=[94001,94001]//
	(35)=[91001,91001,91540,91798]//
	(36)=[86001,86001,86320,86568,86569,86571,86573,86757,86865,86885]//
}

T:=[1,2,3,4]
